# Blender v2.79 (sub 0) OBJ File: ''
# www.blender.org
mtllib EmptyRoom.mtl
o Cube.004_Cube.010
v 2.197066 2.449577 1.882480
v 2.197010 0.000952 1.899910
v 2.170386 -0.025906 -1.873332
v 2.170443 2.422719 -1.890761
v 2.099695 2.449584 1.883168
v 2.073073 2.422726 -1.890075
v 2.073016 -0.025898 -1.872645
v 2.099639 0.000959 1.900596
vn 1.0000 -0.0001 -0.0071
vn -1.0000 0.0001 0.0071
vn 0.0071 0.0071 0.9999
vn -0.0000 -1.0000 0.0071
vn -0.0071 -0.0071 -0.9999
vn 0.0000 1.0000 -0.0071
usemtl Material.010
s 1
f 1//1 2//1 3//1 4//1
f 5//2 6//2 7//2 8//2
f 1//3 5//3 8//3 2//3
f 2//4 8//4 7//4 3//4
f 3//5 7//5 6//5 4//5
f 5//6 1//6 4//6 6//6
o Cube.001_Cube.009
v 2.181445 0.039923 1.956784
v 2.169818 2.442020 1.912431
v -2.232166 2.420616 1.907177
v -2.220538 0.018518 1.951531
v 2.181571 0.038127 1.859428
v -2.220413 0.016721 1.854175
v -2.232042 2.418819 1.809821
v 2.169941 2.440224 1.815074
vn -0.0013 0.0185 0.9998
vn 0.0013 -0.0185 -0.9998
vn 1.0000 0.0049 0.0012
vn -0.0048 0.9998 -0.0185
vn -1.0000 -0.0049 -0.0012
vn 0.0048 -0.9998 0.0185
usemtl Material.009
s 1
f 9//7 10//7 11//7 12//7
f 13//8 14//8 15//8 16//8
f 9//9 13//9 16//9 10//9
f 10//10 16//10 15//10 11//10
f 11//11 15//11 14//11 12//11
f 13//12 9//12 12//12 14//12
o Cube.003
v -2.242168 2.449576 -1.872971
v -2.242011 0.000952 -1.890400
v -2.237094 -0.025905 1.882933
v -2.237251 2.422720 1.900361
v -2.144796 2.449583 -1.873099
v -2.139878 2.422726 1.900235
v -2.139721 -0.025898 1.882807
v -2.144639 0.000958 -1.890525
vn -1.0000 -0.0001 0.0013
vn 1.0000 0.0001 -0.0013
vn -0.0013 0.0071 -1.0000
vn 0.0001 -1.0000 -0.0071
vn 0.0013 -0.0071 1.0000
vn -0.0001 1.0000 0.0071
usemtl Material.004
s 1
f 17//13 18//13 19//13 20//13
f 21//14 22//14 23//14 24//14
f 17//15 21//15 24//15 18//15
f 18//16 24//16 23//16 19//16
f 19//17 23//17 22//17 20//17
f 21//18 17//18 20//18 22//18
o Cube.002
v -2.231628 0.040055 -2.013194
v -2.219724 2.442355 -1.981732
v 2.182030 2.419956 -1.936921
v 2.170125 0.017657 -1.968382
v -2.232626 0.038786 -1.915834
v 2.169128 0.016387 -1.871022
v 2.181033 2.418686 -1.839561
v -2.220720 2.441085 -1.884373
vn 0.0102 0.0130 -0.9999
vn -0.0102 -0.0130 0.9999
vn -0.9999 0.0051 -0.0102
vn 0.0050 0.9999 0.0131
vn 0.9999 -0.0051 0.0102
vn -0.0050 -0.9999 -0.0131
usemtl Material.003
s 1
f 25//19 26//19 27//19 28//19
f 29//20 30//20 31//20 32//20
f 25//21 29//21 32//21 26//21
f 26//22 32//22 31//22 27//22
f 27//23 31//23 30//23 28//23
f 29//24 25//24 28//24 30//24
o Cube.001
v 2.152161 -0.048679 -1.923999
v 2.152161 -0.048679 1.923999
v -2.152161 -0.048679 1.923999
v -2.152160 -0.048679 -1.924000
v 2.152162 0.048679 -1.923998
v -2.152161 0.048679 -1.923999
v -2.152162 0.048679 1.923998
v 2.152159 0.048679 1.924000
vn 0.0000 -1.0000 -0.0000
vn -0.0000 1.0000 0.0000
vn 1.0000 0.0000 0.0000
vn -0.0000 -0.0000 1.0000
vn -1.0000 -0.0000 -0.0000
vn 0.0000 0.0000 -1.0000
usemtl Material.002
s 1
f 33//25 34//25 35//25 36//25
f 37//26 38//26 39//26 40//26
f 33//27 37//27 40//27 34//27
f 34//28 40//28 39//28 35//28
f 35//29 39//29 38//29 36//29
f 37//30 33//30 36//30 38//30
